318364143078173365677859462038258527357
293885424931090587046498689858802254359
174265413541536579609321736422804360337
170737667881586377925563092171086406199
328064220798435356253770399300693666651
193332975702642619642360987107095767469
231120049688016901212141732768631275781
223148414571150236786402519104838085773
259759356330925319338653073161931177489
195255605684687281631386870064095117841
309107966982405725579347104518073727379
171478714098086993743038378312044467373
231000231051487271488308875584491681811
225052161388670601838786314274602874873
315429588909126273956330893091790773491
203543224126040146550147026434145402271
257066123935384681759334075164786667153
250259259795800553409287727754894840983
252718603544363482490680550770962195251
178915699653780855417438964036131667037
278565730788726668696648925867798385229
192469981493128082197660102426797571253
322326253316197076532226617950073209251
241232782406381807986488585590262514441